0
Волга
Нижний Новгород
255 0 0
0 0 255
150 000 000
50
999
4 2 1 1
0 0 0 0 0 0 0 
0 0 0 0 0 0 0 0 0 0 0
22
Виталий
Астахов
1 28 0 1 10 0 
россия
8 5 7 6 4 1 5 4 1 1 1 1 1 3 4
100 5 6 1 10 10 0
0 0 0 0 0 
Александр
Котляров
1 25 0 36 10 0
россия
5 6 4 6 4 1 4 4 1 1 1 1 1 2 3
60 3 4 1 10 10 0
0 0 0 0 0 
Олег
Смирнов
1 17 0 32 10 0
россия
3 4 6 3 5 1 3 3 1 1 1 1 1 2 3
25 5 2 1 20 10 20
0 0 0 0 0 
Дмитрий
Айдов
2 25 0 4 10 0
россия
1 1 1 6 5 4 7 2 8 5 2 3 5 4 5
125 5 6 1 10 15 0
0 0 0 0 0 
Дмитрий
Андреев
2 27 0 15 10  0
россия
1 1 1 5 4 2 3 3 4 8 4 4 7 3 4
100 4 6 1 5 10 0
0 0 0 0 0 
Андрей
Буйволов
2 21 0 25 10 0
россия
1 1 1 4 3 1 3 2 2 6 4 5 4 4 2
65 5 4 1 10 10 10
0 0 0 0 0 
Максим
Васильев
2 21 0 26 10 0
россия
1 1 1 5 2 1 3 1 2 4 2 3 2 3 2
50 4 3 1 10 5 10
0 0 0 0 0 
Михаил
Новиков
2 28 0 24 10 0
россия
1 1 1 3 2 1 4 2 1 4 3 4 3 2 3
60 4 3 1 10 0 0
0 0 0 0 0 
Олег
Сальников
2 33 0 20 10 0
россия
1 1 1 4 4 2 8 2 1 6 2 3 3 3 4
75 4 5 1 10 10 0
0 0 0 0 0 
Егор
Тараканов
2 20 0 5 10 0
россия
1 1 1 5 4 2 3 2 2 5 5 4 3 3 3
50 4 4 1 5 10 15
0 0 0 0 0 
Виктор
Владимиров
3 30 0 2 10 0
россия
1 1 1 4 4 5 3 3 2 2 4 3 3 5 3
80 4 5 1 10 0 0
0 0 0 0 0 
Санал
Гаврилов
3 28 0 21 10 0
россия
1 1 1 3 3 2 3 2 2 2 2 2 3 4 3
50 4 3 1 5 0 0
0 0 0 0 0 
Евгений
Малахов
3 25 0 28 10 0
россия
1 1 1 4 5 2 5 3 3 6 2 3 5 6 3
80 3 5 1 15 10 0
0 0 0 0 0 
Владимир
Михалёв
3 20 0 7 10 0
россия
1 1 1 3 4 6 2 3 2 1 2 2 2 2 3
60 3 4 1 10 10 15
0 0 0 0 0 
Дмитрий
Полянин
3 27 0 6 10 0
россия
1 1 1 4 5 3 4 3 3 4 2 3 2 4 5
75 3 4 1 5 0 0
0 0 0 0 0 
Сергей
Рашевский
3 27 0 8 10 0 
россия
1 1 1 5 4 2 6 2 3 4 3 4 8 6 4
100 4 6 1 10 0 0
0 0 0 0 0 
Андрей
Силютин
3 31 0 22 10 0
россия
1 1 1 6 4 4 6 5 8 2 3 4 2 10 5
120 4 6 1 10 10 0
0 0 0 0 0 
Максим
Аристархов
4 27 0 10 10 0
россия
1 1 1 5 6 2 3 6 5 2 4 5 2 4 3
100 5 6 1 15 10 0
0 0 0 0 0 
Александр
Зернов
4 33 0 11 10 0
россия
1 1 1 3 4 3 4 5 7 1 4 4 3 3 5
75 5 4 1 10 5 0
0 0 0 0 0 
Сергей
Передня
4 35 0 9 10 0
россия
1 1 1 2 2 2 4 6 5 1 5 5 2 2 4
80 5 5 1 10 0 0
0 0 0 0 0 
Станислав
Прокофьев
4 21 0 14 10 0
россия
1 1 1 5 5 3 4 7 7 2 3 8 2 5 5
60 3 4 1 10 10 15
0 0 0 0 0 
Евгений
Рагоза
4 29 0 29 10 0
россия
1 1 1 3 2 3 2 4 4 1 2 3 2 4 2
70 4 4 1 10 5 0
0 0 0 0 0 
