 2 
Волга
Нижний Новгород
 255 
 0 
 0 
 0 
 0 
 255 
 1000 
 0 
 0 
 50 
 999 
 5 
 2 
 3 
 4 
 0             0             0             0             0             0             0 
 0 
 0 
 0 
 0 
 0 
 0 
 0 
 0 
 0 
 0 
 0 
 23 
Виталий
Астахов
 1             28            0             1             10            0 
россия
 10            7             9             8             6             3             7             6             3             3             3             3             3             5             6 
 100           5             6             1             10            10            0 
 0             0             0             0             0 
Александр
Котляров
 1             25            0             36            10            0 
россия
 7             8             6             8             6             3             6             6             3             3             3             3             3             4             5 
 60            3             4             1             10            10            0 
 0             0             0             0             0 
Олег
Смирнов
 1             17            0             32            10            0 
россия
 5             6             8             5             7             3             5             5             3             3             3             3             3             4             5 
 25            5             2             1             20            10            20 
 0             0             0             0             0 
Дмитрий
Айдов
 2             25            0             4             10            0 
россия
 3             3             3             8             7             6             9             4             10            7             4             5             7             6             7 
 125           5             6             1             10            15            0 
 0             0             0             0             0 
Дмитрий
Андреев
 2             27            0             15            10            0 
россия
 3             3             3             7             6             4             5             5             6             10            6             6             9             5             6 
 100           4             6             1             5             10            0 
 0             0             0             0             0 
Андрей
Буйволов
 2             21            0             25            10            0 
россия
 3             3             3             6             5             3             5             4             4             8             6             7             6             6             4 
 65            5             4             1             10            10            10 
 0             0             0             0             0 
Максим
Васильев
 2             21            0             26            10            0 
россия
 3             3             3             7             4             3             5             3             4             6             4             5             4             5             4 
 50            4             3             1             10            5             10 
 0             0             0             0             0 
Михаил
Новиков
 2             28            0             24            10            0 
россия
 3             3             3             5             4             3             6             4             3             6             5             6             5             4             5 
 60            4             3             1             10            0             0 
 0             0             0             0             0 
Олег
Сальников
 2             33            0             20            10            0 
россия
 3             3             3             6             6             4             10            4             3             8             4             5             5             5             6 
 75            4             5             1             10            10            0 
 0             0             0             0             0 
Егор
Тараканов
 2             20            0             5             10            0 
россия
 3             3             3             7             6             4             5             4             4             7             7             6             5             5             5 
 50            4             4             1             5             10            15 
 0             0             0             0             0 
Виктор
Владимиров
 3             30            0             2             10            0 
россия
 3             3             3             6             6             7             5             5             4             4             6             5             5             7             5 
 80            4             5             1             10            0             0 
 0             0             0             0             0 
Санал
Гаврилов
 3             28            0             21            10            0 
россия
 3             3             3             5             5             4             5             4             4             4             4             4             5             6             5 
 50            4             3             1             5             0             0 
 0             0             0             0             0 
Евгений
Малахов
 3             25            0             28            10            0 
россия
 3             3             3             6             7             4             7             5             5             8             4             5             7             8             5 
 80            3             5             1             15            10            0 
 0             0             0             0             0 
Владимир
Михалёв
 3             20            0             7             10            0 
россия
 3             3             3             5             6             8             4             5             4             3             4             4             4             4             5 
 60            3             4             1             10            10            15 
 0             0             0             0             0 
Дмитрий
Полянин
 3             27            0             6             10            0 
россия
 3             3             3             6             7             5             6             5             5             6             4             5             4             6             7 
 75            3             4             1             5             0             0 
 0             0             0             0             0 
Сергей
Рашевский
 3             27            0             8             10            0 
россия
 3             3             3             7             6             4             8             4             5             6             5             6             10            8             6 
 100           4             6             1             10            0             0 
 0             0             0             0             0 
Андрей
Силютин
 3             31            0             22            10            0 
россия
 3             3             3             8             6             6             8             7             10            4             5             6             4             10            7 
 120           4             6             1             10            10            0 
 0             0             0             0             0 
Максим
Аристархов
 4             27            0             10            10            0 
россия
 3             3             3             7             8             4             5             8             7             4             6             7             4             6             5 
 100           5             6             1             15            10            0 
 0             0             0             0             0 
Александр
Зернов
 4             33            0             11            10            0 
россия
 3             3             3             5             6             5             6             7             9             3             6             6             5             5             7 
 75            5             4             1             10            5             0 
 0             0             0             0             0 
Сергей
Передня
 4             35            0             9             10            0 
россия
 3             3             3             4             4             4             6             8             7             3             7             7             4             4             6 
 80            5             5             1             10            0             0 
 0             0             0             0             0 
Станислав
Прокофьев
 4             21            0             14            10            0 
россия
 3             3             3             7             7             5             6             9             9             4             5             10            4             7             7 
 60            3             4             1             10            10            15 
 0             0             0             0             0 
Евгений
Рагоза
 4             29            0             29            10            0 
россия
 3             3             3             5             4             5             4             6             6             3             4             5             4             6             4 
 70            4             4             1             10            5             0 
 0             0             0             0             0 
Златан
Ибрагимович
 4             29            0             25            10            0 
россия
 2             3             2             9             8             9             8             10            10            6             7             8             8             10            8 
 999           4             4             1             10            5             0 
 0             0             0             0             0 
