5 4 1
5 3 2
4 5 1
4 4 2
4 3 3
3 5 2
3 4 3
2 2
В линию
750 2280 1 1260 2280 1 1770 2280 1 0
По всей длине
240 2280 2 1260 2280 1 2280 2280 2 0
2
В линию
240 2280 2 920 2280 1 1600 2280 1 2280 2280 2 0 
Активные фланги
240 2280 3 920 2280 1 1600 2280 1 2280 2280 3 1
2
В линию
240 2280 2 750 2280 1 1260 2280 1 1770 2280 1 2280 2280 2 0
Активные фланги
240 2280 3 750 2280 1 1260 2280 1 1770 2280 1 2280 2280 3 1
2 4
В линию
240 1380 7 1260 1380 4 2280 1380 7 0
Активные фланги
240 1380 7 1260 1380 4 2280 1380 7 2
Треугольник 1
720 1200 6 1260 1740 5 1800 1200 6 0
Треугольник 2
720 1740 5 1260 1200 6 1800 1740 5 0
5
В линию
240 1380 7 920 1380 4 1600 1380 4 2280 1380 7 0 
Активные фланги
240 1380 7 920 1380 4 1600 1380 4 2280 1380 7 2 
Ромб
240 1380 7 1260 1800 5 1260 1140 6 2280 1380 7 0
Ромб + активные фланги
240 1380 7 1260 1800 5 1260 1140 6 2280 1380 7 2
Квадрат
720 1740 5 1800 1740 5  720 1140 6 1800 1140 6 0
8
В линию
240 1380 7 750 1380 4 1260 1380 4 1770 1380 4 2280 1380 7 0
Активные фланги
240 1380 7 750 1380 4 1260 1380 4 1770 1380 4 2280 1380 7 2
Расстановка "M"
240 1380 7 750 1140 6 1260 1620 5 1770 1140 6 2280 1380 7 0
Расстановка "M" + активные фланги
240 1380 7 750 1140 6 1260 1620 5 1770 1140 6 2280 1380 7 2
Расстановка "W"
240 1380 7 750 1620 5 1260 1140 6 1770 1620 5 2280 1380 7 0
Расстановка "W" + активные фланги
240 1380 7 750 1620 5 1260 1140 6 1770 1620 5 2280 1380 7 0
Крест
240 1380 7 1260 1860 5 1260 1440 4 1260 1020 6 2280 1380 7 0
Крест + активные фланги
240 1380 7 1260 1860 5 1260 1440 4 1260 1020 6 2280 1380 7 1
0 1
В линию
1260 480 8 0
3
В линию
900 480 8 1620 480 8 0
Левый остроатакующий
900 360 8 1620 600 8 0
Правый остроатакующий
900 600 8 1620 360 8 0
4
В линию
750 480 9 1260 480 8 1770 480 9 0
Остроатакующий
750 480 9 1260 360 8 1770 480 9 0
Оттянутый назад
750 480 9 1260 600 8 1770 480 9 0
По всей длине
240 480 9 1260 480 8 2280 480 9 0
